cat,553.0,416.0,478.0,379.0,635.0,345.0,
aaron,478.0,379.0,478.0,379.0,589.0,347.0,816.0,347.0,694.0,416.0,
aaronic,478.0,379.0,478.0,379.0,589.0,347.0,816.0,347.0,694.0,416.0,779.0,344.0,553.0,416.0,
aaronical,478.0,379.0,478.0,379.0,589.0,347.0,816.0,347.0,694.0,416.0,779.0,344.0,553.0,416.0,478.0,379.0,817.0,379.0,
ababua,478.0,379.0,636.0,415.0,478.0,379.0,636.0,415.0,743.0,345.0,478.0,379.0,
abacination,478.0,379.0,636.0,415.0,478.0,379.0,553.0,416.0,779.0,344.0,694.0,416.0,478.0,379.0,635.0,345.0,779.0,344.0,816.0,347.0,694.0,416.0,
abaciscus,478.0,379.0,636.0,415.0,478.0,379.0,553.0,416.0,779.0,344.0,515.0,379.0,553.0,416.0,743.0,345.0,515.0,379.0,
bibliolater,636.0,415.0,779.0,344.0,636.0,415.0,817.0,379.0,779.0,344.0,816.0,347.0,817.0,379.0,478.0,379.0,635.0,345.0,553.0,346.0,589.0,347.0,
bibliolatrous,636.0,415.0,779.0,344.0,636.0,415.0,817.0,379.0,779.0,344.0,816.0,347.0,817.0,379.0,478.0,379.0,635.0,345.0,589.0,347.0,816.0,347.0,743.0,345.0,515.0,379.0,
bibliolatry,636.0,415.0,779.0,344.0,636.0,415.0,817.0,379.0,779.0,344.0,816.0,347.0,817.0,379.0,478.0,379.0,635.0,345.0,589.0,347.0,693.0,346.0,
bibliophilic,636.0,415.0,779.0,344.0,636.0,415.0,817.0,379.0,779.0,344.0,816.0,347.0,852.0,345.0,693.0,378.0,779.0,344.0,817.0,379.0,779.0,344.0,553.0,416.0,
bibliophilism,636.0,415.0,779.0,344.0,636.0,415.0,817.0,379.0,779.0,344.0,816.0,347.0,852.0,345.0,693.0,378.0,779.0,344.0,817.0,379.0,779.0,344.0,515.0,379.0,744.0,414.0,
bibliophilist,636.0,415.0,779.0,344.0,636.0,415.0,817.0,379.0,779.0,344.0,816.0,347.0,852.0,345.0,693.0,378.0,779.0,344.0,817.0,379.0,779.0,344.0,515.0,379.0,635.0,345.0,
bibliophilistic,636.0,415.0,779.0,344.0,636.0,415.0,817.0,379.0,779.0,344.0,816.0,347.0,852.0,345.0,693.0,378.0,779.0,344.0,817.0,379.0,779.0,344.0,515.0,379.0,635.0,345.0,779.0,344.0,553.0,416.0,
crucible,553.0,416.0,589.0,347.0,743.0,345.0,553.0,416.0,779.0,344.0,636.0,415.0,817.0,379.0,553.0,346.0,
crucibulum,553.0,416.0,589.0,347.0,743.0,345.0,553.0,416.0,779.0,344.0,636.0,415.0,743.0,345.0,817.0,379.0,743.0,345.0,744.0,414.0,
crucifer,553.0,416.0,589.0,347.0,743.0,345.0,553.0,416.0,779.0,344.0,589.0,380.0,553.0,346.0,589.0,347.0,
cruciferae,553.0,416.0,589.0,347.0,743.0,345.0,553.0,416.0,779.0,344.0,589.0,380.0,553.0,346.0,589.0,347.0,478.0,379.0,553.0,346.0,
cruciformly,553.0,416.0,589.0,347.0,743.0,345.0,553.0,416.0,779.0,344.0,589.0,380.0,816.0,347.0,589.0,347.0,744.0,414.0,817.0,379.0,693.0,346.0,
crucify,553.0,416.0,589.0,347.0,743.0,345.0,553.0,416.0,779.0,344.0,589.0,380.0,693.0,346.0,
crucigerous,553.0,416.0,589.0,347.0,743.0,345.0,553.0,416.0,779.0,344.0,635.0,382.0,553.0,346.0,589.0,347.0,816.0,347.0,743.0,345.0,515.0,379.0,
daira,552.0,381.0,478.0,379.0,779.0,344.0,589.0,347.0,478.0,379.0,
dairi,552.0,381.0,478.0,379.0,779.0,344.0,589.0,347.0,779.0,344.0,
dairy,552.0,381.0,478.0,379.0,779.0,344.0,589.0,347.0,693.0,346.0,
dairying,552.0,381.0,478.0,379.0,779.0,344.0,589.0,347.0,693.0,346.0,779.0,344.0,694.0,416.0,635.0,382.0,
dairymaid,552.0,381.0,478.0,379.0,779.0,344.0,589.0,347.0,693.0,346.0,744.0,414.0,478.0,379.0,779.0,344.0,552.0,381.0,
daitya,552.0,381.0,478.0,379.0,779.0,344.0,635.0,345.0,693.0,346.0,478.0,379.0,
daiva,552.0,381.0,478.0,379.0,779.0,344.0,590.0,417.0,478.0,379.0,
dak,552.0,381.0,478.0,379.0,780.0,379.0,
daker,552.0,381.0,478.0,379.0,780.0,379.0,553.0,346.0,589.0,347.0,
enneastylos,553.0,346.0,694.0,416.0,694.0,416.0,553.0,346.0,478.0,379.0,515.0,379.0,635.0,345.0,693.0,346.0,817.0,379.0,816.0,347.0,515.0,379.0,
enneasyllabic,553.0,346.0,694.0,416.0,694.0,416.0,553.0,346.0,478.0,379.0,515.0,379.0,693.0,346.0,817.0,379.0,817.0,379.0,478.0,379.0,636.0,415.0,779.0,344.0,553.0,416.0,
enneateric,553.0,346.0,694.0,416.0,694.0,416.0,553.0,346.0,478.0,379.0,635.0,345.0,553.0,346.0,589.0,347.0,779.0,344.0,553.0,416.0,
enneatic,553.0,346.0,694.0,416.0,694.0,416.0,553.0,346.0,478.0,379.0,635.0,345.0,779.0,344.0,553.0,416.0,
enneatical,553.0,346.0,694.0,416.0,694.0,416.0,553.0,346.0,478.0,379.0,635.0,345.0,779.0,344.0,553.0,416.0,478.0,379.0,817.0,379.0,
ennerve,553.0,346.0,694.0,416.0,694.0,416.0,553.0,346.0,589.0,347.0,590.0,417.0,553.0,346.0,
ennoic,553.0,346.0,694.0,416.0,694.0,416.0,816.0,347.0,779.0,344.0,553.0,416.0,
ennomic,553.0,346.0,694.0,416.0,694.0,416.0,816.0,347.0,744.0,414.0,779.0,344.0,553.0,416.0,
ennui,553.0,346.0,694.0,416.0,694.0,416.0,743.0,345.0,779.0,344.0,
heteroside,693.0,378.0,553.0,346.0,635.0,345.0,553.0,346.0,589.0,347.0,816.0,347.0,515.0,379.0,779.0,344.0,552.0,381.0,553.0,346.0,
heterosiphonales,693.0,378.0,553.0,346.0,635.0,345.0,553.0,346.0,589.0,347.0,816.0,347.0,515.0,379.0,779.0,344.0,852.0,345.0,693.0,378.0,816.0,347.0,694.0,416.0,478.0,379.0,817.0,379.0,553.0,346.0,515.0,379.0,
heterosis,693.0,378.0,553.0,346.0,635.0,345.0,553.0,346.0,589.0,347.0,816.0,347.0,515.0,379.0,779.0,344.0,515.0,379.0,
heterosporous,693.0,378.0,553.0,346.0,635.0,345.0,553.0,346.0,589.0,347.0,816.0,347.0,515.0,379.0,852.0,345.0,816.0,347.0,589.0,347.0,816.0,347.0,743.0,345.0,515.0,379.0,
heterospory,693.0,378.0,553.0,346.0,635.0,345.0,553.0,346.0,589.0,347.0,816.0,347.0,515.0,379.0,852.0,345.0,816.0,347.0,589.0,347.0,693.0,346.0,
heterostatic,693.0,378.0,553.0,346.0,635.0,345.0,553.0,346.0,589.0,347.0,816.0,347.0,515.0,379.0,635.0,345.0,478.0,379.0,635.0,345.0,779.0,344.0,553.0,416.0,
heterostemonous,693.0,378.0,553.0,346.0,635.0,345.0,553.0,346.0,589.0,347.0,816.0,347.0,515.0,379.0,635.0,345.0,553.0,346.0,744.0,414.0,816.0,347.0,694.0,416.0,816.0,347.0,743.0,345.0,515.0,379.0,
ileostomy,779.0,344.0,817.0,379.0,553.0,346.0,816.0,347.0,515.0,379.0,635.0,345.0,816.0,347.0,744.0,414.0,693.0,346.0,
ileotomy,779.0,344.0,817.0,379.0,553.0,346.0,816.0,347.0,635.0,345.0,816.0,347.0,744.0,414.0,693.0,346.0,
ilesite,779.0,344.0,817.0,379.0,553.0,346.0,515.0,379.0,779.0,344.0,635.0,345.0,553.0,346.0,
ileum,779.0,344.0,817.0,379.0,553.0,346.0,743.0,345.0,744.0,414.0,
ileus,779.0,344.0,817.0,379.0,553.0,346.0,743.0,345.0,515.0,379.0,
ilex,779.0,344.0,817.0,379.0,553.0,346.0,517.0,411.0,
ilia,779.0,344.0,817.0,379.0,779.0,344.0,478.0,379.0,
iliac,779.0,344.0,817.0,379.0,779.0,344.0,478.0,379.0,553.0,416.0,
iliac,779.0,344.0,817.0,379.0,779.0,344.0,478.0,379.0,553.0,416.0,
mesenteric,744.0,414.0,553.0,346.0,515.0,379.0,553.0,346.0,694.0,416.0,635.0,345.0,553.0,346.0,589.0,347.0,779.0,344.0,553.0,416.0,
mesenterical,744.0,414.0,553.0,346.0,515.0,379.0,553.0,346.0,694.0,416.0,635.0,345.0,553.0,346.0,589.0,347.0,779.0,344.0,553.0,416.0,478.0,379.0,817.0,379.0,
mesenteronic,744.0,414.0,553.0,346.0,515.0,379.0,553.0,346.0,694.0,416.0,635.0,345.0,553.0,346.0,589.0,347.0,816.0,347.0,694.0,416.0,779.0,344.0,553.0,416.0,
mesentery,744.0,414.0,553.0,346.0,515.0,379.0,553.0,346.0,694.0,416.0,635.0,345.0,553.0,346.0,589.0,347.0,693.0,346.0,
mesentoderm,744.0,414.0,553.0,346.0,515.0,379.0,553.0,346.0,694.0,416.0,635.0,345.0,816.0,347.0,552.0,381.0,553.0,346.0,589.0,347.0,744.0,414.0,
mesepimeral,744.0,414.0,553.0,346.0,515.0,379.0,553.0,346.0,852.0,345.0,779.0,344.0,744.0,414.0,553.0,346.0,589.0,347.0,478.0,379.0,817.0,379.0,
presentability,852.0,345.0,589.0,347.0,553.0,346.0,515.0,379.0,553.0,346.0,694.0,416.0,635.0,345.0,478.0,379.0,636.0,415.0,779.0,344.0,817.0,379.0,779.0,344.0,635.0,345.0,693.0,346.0,
presentable,852.0,345.0,589.0,347.0,553.0,346.0,515.0,379.0,553.0,346.0,694.0,416.0,635.0,345.0,478.0,379.0,636.0,415.0,817.0,379.0,553.0,346.0,
presentableness,852.0,345.0,589.0,347.0,553.0,346.0,515.0,379.0,553.0,346.0,694.0,416.0,635.0,345.0,478.0,379.0,636.0,415.0,817.0,379.0,553.0,346.0,694.0,416.0,553.0,346.0,515.0,379.0,515.0,379.0,
presentatively,852.0,345.0,589.0,347.0,553.0,346.0,515.0,379.0,553.0,346.0,694.0,416.0,635.0,345.0,478.0,379.0,635.0,345.0,779.0,344.0,590.0,417.0,553.0,346.0,817.0,379.0,693.0,346.0,
presentee,852.0,345.0,589.0,347.0,553.0,346.0,515.0,379.0,553.0,346.0,694.0,416.0,635.0,345.0,553.0,346.0,553.0,346.0,
seroanaphylaxis,515.0,379.0,553.0,346.0,589.0,347.0,816.0,347.0,478.0,379.0,694.0,416.0,478.0,379.0,852.0,345.0,693.0,378.0,693.0,346.0,817.0,379.0,478.0,379.0,517.0,411.0,779.0,344.0,515.0,379.0,
serobiological,515.0,379.0,553.0,346.0,589.0,347.0,816.0,347.0,636.0,415.0,779.0,344.0,816.0,347.0,817.0,379.0,816.0,347.0,635.0,382.0,779.0,344.0,553.0,416.0,478.0,379.0,817.0,379.0,
serocolitis,515.0,379.0,553.0,346.0,589.0,347.0,816.0,347.0,553.0,416.0,816.0,347.0,817.0,379.0,779.0,344.0,635.0,345.0,779.0,344.0,515.0,379.0,
serodiagnostic,515.0,379.0,553.0,346.0,589.0,347.0,816.0,347.0,552.0,381.0,779.0,344.0,478.0,379.0,635.0,382.0,694.0,416.0,816.0,347.0,515.0,379.0,635.0,345.0,779.0,344.0,553.0,416.0,
seroenteritis,515.0,379.0,553.0,346.0,589.0,347.0,816.0,347.0,553.0,346.0,694.0,416.0,635.0,345.0,553.0,346.0,589.0,347.0,779.0,344.0,635.0,345.0,779.0,344.0,515.0,379.0,
seroenzyme,515.0,379.0,553.0,346.0,589.0,347.0,816.0,347.0,553.0,346.0,694.0,416.0,479.0,415.0,693.0,346.0,744.0,414.0,553.0,346.0,
serofibrinous,515.0,379.0,553.0,346.0,589.0,347.0,816.0,347.0,589.0,380.0,779.0,344.0,636.0,415.0,589.0,347.0,779.0,344.0,694.0,416.0,816.0,347.0,743.0,345.0,515.0,379.0,
tableity,635.0,345.0,478.0,379.0,636.0,415.0,817.0,379.0,553.0,346.0,779.0,344.0,635.0,345.0,693.0,346.0,
tableland,635.0,345.0,478.0,379.0,636.0,415.0,817.0,379.0,553.0,346.0,817.0,379.0,478.0,379.0,694.0,416.0,552.0,381.0,
tableman,635.0,345.0,478.0,379.0,636.0,415.0,817.0,379.0,553.0,346.0,744.0,414.0,478.0,379.0,694.0,416.0,
tablemate,635.0,345.0,478.0,379.0,636.0,415.0,817.0,379.0,553.0,346.0,744.0,414.0,478.0,379.0,635.0,345.0,553.0,346.0,
tabler,635.0,345.0,478.0,379.0,636.0,415.0,817.0,379.0,553.0,346.0,589.0,347.0,
underwent,743.0,345.0,694.0,416.0,552.0,381.0,553.0,346.0,589.0,347.0,517.0,345.0,553.0,346.0,694.0,416.0,635.0,345.0,
underwheel,743.0,345.0,694.0,416.0,552.0,381.0,553.0,346.0,589.0,347.0,517.0,345.0,693.0,378.0,553.0,346.0,553.0,346.0,817.0,379.0,
underwhistle,743.0,345.0,694.0,416.0,552.0,381.0,553.0,346.0,589.0,347.0,517.0,345.0,693.0,378.0,779.0,344.0,515.0,379.0,635.0,345.0,817.0,379.0,553.0,346.0,
zymosis,479.0,415.0,693.0,346.0,744.0,414.0,816.0,347.0,515.0,379.0,779.0,344.0,515.0,379.0,
zymosterol,479.0,415.0,693.0,346.0,744.0,414.0,816.0,347.0,515.0,379.0,635.0,345.0,553.0,346.0,589.0,347.0,816.0,347.0,817.0,379.0,
zymosthenic,479.0,415.0,693.0,346.0,744.0,414.0,816.0,347.0,515.0,379.0,635.0,345.0,693.0,378.0,553.0,346.0,694.0,416.0,779.0,344.0,553.0,416.0,
zymurgy,479.0,415.0,693.0,346.0,744.0,414.0,743.0,345.0,589.0,347.0,635.0,382.0,693.0,346.0,
zyrenian,479.0,415.0,693.0,346.0,589.0,347.0,553.0,346.0,694.0,416.0,779.0,344.0,478.0,379.0,694.0,416.0,
